0 0 0
83 82 0
187 -22 0
33 -34 0
244 -176 0
138 163 0
-13 78 0
-14 164 0
157 -90 0
-144 6 0
228 -37 0
197 -123 0
156 172 0
15 143 0
-210 194 0
-243 -135 0
28 -94 0
197 -182 0
134 33 0
-93 17 0
-72 -199 0
91 89 0
-24 -139 0
-199 -1 0
26 135 0
10 -120 0
-146 190 0
148 -136 0
18 -180 0
227 176 0
227 59 0
-136 -12 0
154 191 0
104 46 0
75 22 0
-100 -7 0
-180 -26 0
-88 -13 0
133 -202 0
210 -68 0
168 144 0
204 -163 0
195 119 0
76 202 0
-221 139 0
104 -160 0
63 120 0
16 185 0
16 165 0
-179 -149 0
-241 -72 0
155 140 0
231 -75 0
-131 209 0
-37 112 0
158 99 0
180 12 0
-203 -35 0
-137 128 0
-217 18 0
46 -204 0
-50 -192 0
-205 109 0
-35 -135 0
236 -194 0
159 31 0
-236 93 0
-50 -48 0
-37 -92 0
-208 -81 0
-75 46 0
186 -74 0
-204 -44 0
198 137 0
-109 -133 0
-97 94 0
101 -83 0
94 -18 0
230 -126 0
39 119 0
16 -205 0
123 63 0
221 -92 0
15 92 0
116 -59 0
126 -158 0
-233 127 0
212 187 0
242 -2 0
-108 201 0
-12 156 0
240 74 0
195 205 0
-38 201 0
188 -39 0
-117 69 0
27 -205 0
-107 -169 0
-10 -97 0
163 -76 0
129 170 0
