-300 -300 0
-300 -240 0
-300 -180 0
-300 -120 0
-300 -60 0
-300 0 0
-300 60 0
-300 120 0
-300 180 0
-300 240 0
-240 -300 0
-240 -240 0
-240 -180 0
-240 -120 0
-240 -60 0
-240 0 0
-240 60 0
-240 120 0
-240 180 0
-240 240 0
-180 -300 0
-180 -240 0
-180 -180 0
-180 -120 0
-180 -60 0
-180 0 0
-180 60 0
-180 120 0
-180 180 0
-180 240 0
-120 -300 0
-120 -240 0
-120 -180 0
-120 -120 0
-120 -60 0
-120 0 0
-120 60 0
-120 120 0
-120 180 0
-120 240 0
-60 -300 0
-60 -240 0
-60 -180 0
-60 -120 0
-60 -60 0
-60 0 0
-60 60 0
-60 120 0
-60 180 0
-60 240 0
0 -300 0
0 -240 0
0 -180 0
0 -120 0
0 -60 0
0 0 0
0 60 0
0 120 0
0 180 0
0 240 0
60 -300 0
60 -240 0
60 -180 0
60 -120 0
60 -60 0
60 0 0
60 60 0
60 120 0
60 180 0
60 240 0
120 -300 0
120 -240 0
120 -180 0
120 -120 0
120 -60 0
120 0 0
120 60 0
120 120 0
120 180 0
120 240 0
180 -300 0
180 -240 0
180 -180 0
180 -120 0
180 -60 0
180 0 0
180 60 0
180 120 0
180 180 0
180 240 0
240 -300 0
240 -240 0
240 -180 0
240 -120 0
240 -60 0
240 0 0
240 60 0
240 120 0
240 180 0
240 240 0
