-900 -900 0
-900 -840 0
-900 -780 0
-900 -720 0
-900 -660 0
-900 -600 0
-900 -540 0
-900 -480 0
-900 -420 0
-900 -360 0
-900 -300 0
-900 -240 0
-900 -180 0
-900 -120 0
-900 -60 0
-900 0 0
-900 60 0
-900 120 0
-900 180 0
-900 240 0
-900 300 0
-900 360 0
-900 420 0
-900 480 0
-900 540 0
-900 600 0
-900 660 0
-900 720 0
-900 780 0
-900 840 0
-840 -900 0
-840 -840 0
-840 -780 0
-840 -720 0
-840 -660 0
-840 -600 0
-840 -540 0
-840 -480 0
-840 -420 0
-840 -360 0
-840 -300 0
-840 -240 0
-840 -180 0
-840 -120 0
-840 -60 0
-840 0 0
-840 60 0
-840 120 0
-840 180 0
-840 240 0
-840 300 0
-840 360 0
-840 420 0
-840 480 0
-840 540 0
-840 600 0
-840 660 0
-840 720 0
-840 780 0
-840 840 0
-780 -900 0
-780 -840 0
-780 -780 0
-780 -720 0
-780 -660 0
-780 -600 0
-780 -540 0
-780 -480 0
-780 -420 0
-780 -360 0
-780 -300 0
-780 -240 0
-780 -180 0
-780 -120 0
-780 -60 0
-780 0 0
-780 60 0
-780 120 0
-780 180 0
-780 240 0
-780 300 0
-780 360 0
-780 420 0
-780 480 0
-780 540 0
-780 600 0
-780 660 0
-780 720 0
-780 780 0
-780 840 0
-720 -900 0
-720 -840 0
-720 -780 0
-720 -720 0
-720 -660 0
-720 -600 0
-720 -540 0
-720 -480 0
-720 -420 0
-720 -360 0
-720 -300 0
-720 -240 0
-720 -180 0
-720 -120 0
-720 -60 0
-720 0 0
-720 60 0
-720 120 0
-720 180 0
-720 240 0
-720 300 0
-720 360 0
-720 420 0
-720 480 0
-720 540 0
-720 600 0
-720 660 0
-720 720 0
-720 780 0
-720 840 0
-660 -900 0
-660 -840 0
-660 -780 0
-660 -720 0
-660 -660 0
-660 -600 0
-660 -540 0
-660 -480 0
-660 -420 0
-660 -360 0
-660 -300 0
-660 -240 0
-660 -180 0
-660 -120 0
-660 -60 0
-660 0 0
-660 60 0
-660 120 0
-660 180 0
-660 240 0
-660 300 0
-660 360 0
-660 420 0
-660 480 0
-660 540 0
-660 600 0
-660 660 0
-660 720 0
-660 780 0
-660 840 0
-600 -900 0
-600 -840 0
-600 -780 0
-600 -720 0
-600 -660 0
-600 -600 0
-600 -540 0
-600 -480 0
-600 -420 0
-600 -360 0
-600 -300 0
-600 -240 0
-600 -180 0
-600 -120 0
-600 -60 0
-600 0 0
-600 60 0
-600 120 0
-600 180 0
-600 240 0
-600 300 0
-600 360 0
-600 420 0
-600 480 0
-600 540 0
-600 600 0
-600 660 0
-600 720 0
-600 780 0
-600 840 0
-540 -900 0
-540 -840 0
-540 -780 0
-540 -720 0
-540 -660 0
-540 -600 0
-540 -540 0
-540 -480 0
-540 -420 0
-540 -360 0
-540 -300 0
-540 -240 0
-540 -180 0
-540 -120 0
-540 -60 0
-540 0 0
-540 60 0
-540 120 0
-540 180 0
-540 240 0
-540 300 0
-540 360 0
-540 420 0
-540 480 0
-540 540 0
-540 600 0
-540 660 0
-540 720 0
-540 780 0
-540 840 0
-480 -900 0
-480 -840 0
-480 -780 0
-480 -720 0
-480 -660 0
-480 -600 0
-480 -540 0
-480 -480 0
-480 -420 0
-480 -360 0
-480 -300 0
-480 -240 0
-480 -180 0
-480 -120 0
-480 -60 0
-480 0 0
-480 60 0
-480 120 0
-480 180 0
-480 240 0
-480 300 0
-480 360 0
-480 420 0
-480 480 0
-480 540 0
-480 600 0
-480 660 0
-480 720 0
-480 780 0
-480 840 0
-420 -900 0
-420 -840 0
-420 -780 0
-420 -720 0
-420 -660 0
-420 -600 0
-420 -540 0
-420 -480 0
-420 -420 0
-420 -360 0
-420 -300 0
-420 -240 0
-420 -180 0
-420 -120 0
-420 -60 0
-420 0 0
-420 60 0
-420 120 0
-420 180 0
-420 240 0
-420 300 0
-420 360 0
-420 420 0
-420 480 0
-420 540 0
-420 600 0
-420 660 0
-420 720 0
-420 780 0
-420 840 0
-360 -900 0
-360 -840 0
-360 -780 0
-360 -720 0
-360 -660 0
-360 -600 0
-360 -540 0
-360 -480 0
-360 -420 0
-360 -360 0
-360 -300 0
-360 -240 0
-360 -180 0
-360 -120 0
-360 -60 0
-360 0 0
-360 60 0
-360 120 0
-360 180 0
-360 240 0
-360 300 0
-360 360 0
-360 420 0
-360 480 0
-360 540 0
-360 600 0
-360 660 0
-360 720 0
-360 780 0
-360 840 0
-300 -900 0
-300 -840 0
-300 -780 0
-300 -720 0
-300 -660 0
-300 -600 0
-300 -540 0
-300 -480 0
-300 -420 0
-300 -360 0
-300 -300 0
-300 -240 0
-300 -180 0
-300 -120 0
-300 -60 0
-300 0 0
-300 60 0
-300 120 0
-300 180 0
-300 240 0
-300 300 0
-300 360 0
-300 420 0
-300 480 0
-300 540 0
-300 600 0
-300 660 0
-300 720 0
-300 780 0
-300 840 0
-240 -900 0
-240 -840 0
-240 -780 0
-240 -720 0
-240 -660 0
-240 -600 0
-240 -540 0
-240 -480 0
-240 -420 0
-240 -360 0
-240 -300 0
-240 -240 0
-240 -180 0
-240 -120 0
-240 -60 0
-240 0 0
-240 60 0
-240 120 0
-240 180 0
-240 240 0
-240 300 0
-240 360 0
-240 420 0
-240 480 0
-240 540 0
-240 600 0
-240 660 0
-240 720 0
-240 780 0
-240 840 0
-180 -900 0
-180 -840 0
-180 -780 0
-180 -720 0
-180 -660 0
-180 -600 0
-180 -540 0
-180 -480 0
-180 -420 0
-180 -360 0
-180 -300 0
-180 -240 0
-180 -180 0
-180 -120 0
-180 -60 0
-180 0 0
-180 60 0
-180 120 0
-180 180 0
-180 240 0
-180 300 0
-180 360 0
-180 420 0
-180 480 0
-180 540 0
-180 600 0
-180 660 0
-180 720 0
-180 780 0
-180 840 0
-120 -900 0
-120 -840 0
-120 -780 0
-120 -720 0
-120 -660 0
-120 -600 0
-120 -540 0
-120 -480 0
-120 -420 0
-120 -360 0
-120 -300 0
-120 -240 0
-120 -180 0
-120 -120 0
-120 -60 0
-120 0 0
-120 60 0
-120 120 0
-120 180 0
-120 240 0
-120 300 0
-120 360 0
-120 420 0
-120 480 0
-120 540 0
-120 600 0
-120 660 0
-120 720 0
-120 780 0
-120 840 0
-60 -900 0
-60 -840 0
-60 -780 0
-60 -720 0
-60 -660 0
-60 -600 0
-60 -540 0
-60 -480 0
-60 -420 0
-60 -360 0
-60 -300 0
-60 -240 0
-60 -180 0
-60 -120 0
-60 -60 0
-60 0 0
-60 60 0
-60 120 0
-60 180 0
-60 240 0
-60 300 0
-60 360 0
-60 420 0
-60 480 0
-60 540 0
-60 600 0
-60 660 0
-60 720 0
-60 780 0
-60 840 0
0 -900 0
0 -840 0
0 -780 0
0 -720 0
0 -660 0
0 -600 0
0 -540 0
0 -480 0
0 -420 0
0 -360 0
0 -300 0
0 -240 0
0 -180 0
0 -120 0
0 -60 0
0 0 0
0 60 0
0 120 0
0 180 0
0 240 0
0 300 0
0 360 0
0 420 0
0 480 0
0 540 0
0 600 0
0 660 0
0 720 0
0 780 0
0 840 0
60 -900 0
60 -840 0
60 -780 0
60 -720 0
60 -660 0
60 -600 0
60 -540 0
60 -480 0
60 -420 0
60 -360 0
60 -300 0
60 -240 0
60 -180 0
60 -120 0
60 -60 0
60 0 0
60 60 0
60 120 0
60 180 0
60 240 0
60 300 0
60 360 0
60 420 0
60 480 0
60 540 0
60 600 0
60 660 0
60 720 0
60 780 0
60 840 0
120 -900 0
120 -840 0
120 -780 0
120 -720 0
120 -660 0
120 -600 0
120 -540 0
120 -480 0
120 -420 0
120 -360 0
120 -300 0
120 -240 0
120 -180 0
120 -120 0
120 -60 0
120 0 0
120 60 0
120 120 0
120 180 0
120 240 0
120 300 0
120 360 0
120 420 0
120 480 0
120 540 0
120 600 0
120 660 0
120 720 0
120 780 0
120 840 0
180 -900 0
180 -840 0
180 -780 0
180 -720 0
180 -660 0
180 -600 0
180 -540 0
180 -480 0
180 -420 0
180 -360 0
180 -300 0
180 -240 0
180 -180 0
180 -120 0
180 -60 0
180 0 0
180 60 0
180 120 0
180 180 0
180 240 0
180 300 0
180 360 0
180 420 0
180 480 0
180 540 0
180 600 0
180 660 0
180 720 0
180 780 0
180 840 0
240 -900 0
240 -840 0
240 -780 0
240 -720 0
240 -660 0
240 -600 0
240 -540 0
240 -480 0
240 -420 0
240 -360 0
240 -300 0
240 -240 0
240 -180 0
240 -120 0
240 -60 0
240 0 0
240 60 0
240 120 0
240 180 0
240 240 0
240 300 0
240 360 0
240 420 0
240 480 0
240 540 0
240 600 0
240 660 0
240 720 0
240 780 0
240 840 0
300 -900 0
300 -840 0
300 -780 0
300 -720 0
300 -660 0
300 -600 0
300 -540 0
300 -480 0
300 -420 0
300 -360 0
300 -300 0
300 -240 0
300 -180 0
300 -120 0
300 -60 0
300 0 0
300 60 0
300 120 0
300 180 0
300 240 0
300 300 0
300 360 0
300 420 0
300 480 0
300 540 0
300 600 0
300 660 0
300 720 0
300 780 0
300 840 0
360 -900 0
360 -840 0
360 -780 0
360 -720 0
360 -660 0
360 -600 0
360 -540 0
360 -480 0
360 -420 0
360 -360 0
360 -300 0
360 -240 0
360 -180 0
360 -120 0
360 -60 0
360 0 0
360 60 0
360 120 0
360 180 0
360 240 0
360 300 0
360 360 0
360 420 0
360 480 0
360 540 0
360 600 0
360 660 0
360 720 0
360 780 0
360 840 0
420 -900 0
420 -840 0
420 -780 0
420 -720 0
420 -660 0
420 -600 0
420 -540 0
420 -480 0
420 -420 0
420 -360 0
420 -300 0
420 -240 0
420 -180 0
420 -120 0
420 -60 0
420 0 0
420 60 0
420 120 0
420 180 0
420 240 0
420 300 0
420 360 0
420 420 0
420 480 0
420 540 0
420 600 0
420 660 0
420 720 0
420 780 0
420 840 0
480 -900 0
480 -840 0
480 -780 0
480 -720 0
480 -660 0
480 -600 0
480 -540 0
480 -480 0
480 -420 0
480 -360 0
480 -300 0
480 -240 0
480 -180 0
480 -120 0
480 -60 0
480 0 0
480 60 0
480 120 0
480 180 0
480 240 0
480 300 0
480 360 0
480 420 0
480 480 0
480 540 0
480 600 0
480 660 0
480 720 0
480 780 0
480 840 0
540 -900 0
540 -840 0
540 -780 0
540 -720 0
540 -660 0
540 -600 0
540 -540 0
540 -480 0
540 -420 0
540 -360 0
540 -300 0
540 -240 0
540 -180 0
540 -120 0
540 -60 0
540 0 0
540 60 0
540 120 0
540 180 0
540 240 0
540 300 0
540 360 0
540 420 0
540 480 0
540 540 0
540 600 0
540 660 0
540 720 0
540 780 0
540 840 0
600 -900 0
600 -840 0
600 -780 0
600 -720 0
600 -660 0
600 -600 0
600 -540 0
600 -480 0
600 -420 0
600 -360 0
600 -300 0
600 -240 0
600 -180 0
600 -120 0
600 -60 0
600 0 0
600 60 0
600 120 0
600 180 0
600 240 0
600 300 0
600 360 0
600 420 0
600 480 0
600 540 0
600 600 0
600 660 0
600 720 0
600 780 0
600 840 0
660 -900 0
660 -840 0
660 -780 0
660 -720 0
660 -660 0
660 -600 0
660 -540 0
660 -480 0
660 -420 0
660 -360 0
660 -300 0
660 -240 0
660 -180 0
660 -120 0
660 -60 0
660 0 0
660 60 0
660 120 0
660 180 0
660 240 0
660 300 0
660 360 0
660 420 0
660 480 0
660 540 0
660 600 0
660 660 0
660 720 0
660 780 0
660 840 0
720 -900 0
720 -840 0
720 -780 0
720 -720 0
720 -660 0
720 -600 0
720 -540 0
720 -480 0
720 -420 0
720 -360 0
720 -300 0
720 -240 0
720 -180 0
720 -120 0
720 -60 0
720 0 0
720 60 0
720 120 0
720 180 0
720 240 0
720 300 0
720 360 0
720 420 0
720 480 0
720 540 0
720 600 0
720 660 0
720 720 0
720 780 0
720 840 0
780 -900 0
780 -840 0
780 -780 0
780 -720 0
780 -660 0
780 -600 0
780 -540 0
780 -480 0
780 -420 0
780 -360 0
780 -300 0
780 -240 0
780 -180 0
780 -120 0
780 -60 0
780 0 0
780 60 0
780 120 0
780 180 0
780 240 0
780 300 0
780 360 0
780 420 0
780 480 0
780 540 0
780 600 0
780 660 0
780 720 0
780 780 0
780 840 0
840 -900 0
840 -840 0
840 -780 0
840 -720 0
840 -660 0
840 -600 0
840 -540 0
840 -480 0
840 -420 0
840 -360 0
840 -300 0
840 -240 0
840 -180 0
840 -120 0
840 -60 0
840 0 0
840 60 0
840 120 0
840 180 0
840 240 0
840 300 0
840 360 0
840 420 0
840 480 0
840 540 0
840 600 0
840 660 0
840 720 0
840 780 0
840 840 0
