0 0 0
94 -101 0
43 -53 0
28 -39 0
35 -93 0
22 -95 0
-17 61 0
-121 103 0
110 -21 0
36 -94 0
1 -58 0
54 108 0
-122 -84 0
-89 -119 0
92 44 0
41 72 0
-92 -87 0
-133 -138 0
107 48 0
-75 -75 0
-89 -131 0
20 -115 0
-78 -106 0
-25 41 0
-98 -2 0
4 -61 0
42 -15 0
11 -21 0
-2 -150 0
-10 32 0
-72 58 0
-149 -47 0
-37 -117 0
96 36 0
-34 -76 0
67 45 0
86 -37 0
-12 14 0
93 13 0
45 -85 0
35 55 0
-93 -113 0
-24 -33 0
-87 -92 0
-118 -41 0
-122 36 0
-136 -147 0
86 -71 0
-38 49 0
-19 -14 0
-31 -50 0
44 -66 0
-68 -5 0
-123 -84 0
22 -124 0
32 102 0
98 -146 0
93 54 0
71 23 0
-40 25 0
