-600 -600 0
-600 -560 0
-600 -520 0
-600 -480 0
-600 -440 0
-600 -400 0
-600 -360 0
-600 -320 0
-600 -280 0
-600 -240 0
-600 -200 0
-600 -160 0
-600 -120 0
-600 -80 0
-600 -40 0
-600 0 0
-600 40 0
-600 80 0
-600 120 0
-600 160 0
-600 200 0
-600 240 0
-600 280 0
-600 320 0
-600 360 0
-600 400 0
-600 440 0
-600 480 0
-600 520 0
-600 560 0
-560 -600 0
-560 -560 0
-560 -520 0
-560 -480 0
-560 -440 0
-560 -400 0
-560 -360 0
-560 -320 0
-560 -280 0
-560 -240 0
-560 -200 0
-560 -160 0
-560 -120 0
-560 -80 0
-560 -40 0
-560 0 0
-560 40 0
-560 80 0
-560 120 0
-560 160 0
-560 200 0
-560 240 0
-560 280 0
-560 320 0
-560 360 0
-560 400 0
-560 440 0
-560 480 0
-560 520 0
-560 560 0
-520 -600 0
-520 -560 0
-520 -520 0
-520 -480 0
-520 -440 0
-520 -400 0
-520 -360 0
-520 -320 0
-520 -280 0
-520 -240 0
-520 -200 0
-520 -160 0
-520 -120 0
-520 -80 0
-520 -40 0
-520 0 0
-520 40 0
-520 80 0
-520 120 0
-520 160 0
-520 200 0
-520 240 0
-520 280 0
-520 320 0
-520 360 0
-520 400 0
-520 440 0
-520 480 0
-520 520 0
-520 560 0
-480 -600 0
-480 -560 0
-480 -520 0
-480 -480 0
-480 -440 0
-480 -400 0
-480 -360 0
-480 -320 0
-480 -280 0
-480 -240 0
-480 -200 0
-480 -160 0
-480 -120 0
-480 -80 0
-480 -40 0
-480 0 0
-480 40 0
-480 80 0
-480 120 0
-480 160 0
-480 200 0
-480 240 0
-480 280 0
-480 320 0
-480 360 0
-480 400 0
-480 440 0
-480 480 0
-480 520 0
-480 560 0
-440 -600 0
-440 -560 0
-440 -520 0
-440 -480 0
-440 -440 0
-440 -400 0
-440 -360 0
-440 -320 0
-440 -280 0
-440 -240 0
-440 -200 0
-440 -160 0
-440 -120 0
-440 -80 0
-440 -40 0
-440 0 0
-440 40 0
-440 80 0
-440 120 0
-440 160 0
-440 200 0
-440 240 0
-440 280 0
-440 320 0
-440 360 0
-440 400 0
-440 440 0
-440 480 0
-440 520 0
-440 560 0
-400 -600 0
-400 -560 0
-400 -520 0
-400 -480 0
-400 -440 0
-400 -400 0
-400 -360 0
-400 -320 0
-400 -280 0
-400 -240 0
-400 -200 0
-400 -160 0
-400 -120 0
-400 -80 0
-400 -40 0
-400 0 0
-400 40 0
-400 80 0
-400 120 0
-400 160 0
-400 200 0
-400 240 0
-400 280 0
-400 320 0
-400 360 0
-400 400 0
-400 440 0
-400 480 0
-400 520 0
-400 560 0
-360 -600 0
-360 -560 0
-360 -520 0
-360 -480 0
-360 -440 0
-360 -400 0
-360 -360 0
-360 -320 0
-360 -280 0
-360 -240 0
-360 -200 0
-360 -160 0
-360 -120 0
-360 -80 0
-360 -40 0
-360 0 0
-360 40 0
-360 80 0
-360 120 0
-360 160 0
-360 200 0
-360 240 0
-360 280 0
-360 320 0
-360 360 0
-360 400 0
-360 440 0
-360 480 0
-360 520 0
-360 560 0
-320 -600 0
-320 -560 0
-320 -520 0
-320 -480 0
-320 -440 0
-320 -400 0
-320 -360 0
-320 -320 0
-320 -280 0
-320 -240 0
-320 -200 0
-320 -160 0
-320 -120 0
-320 -80 0
-320 -40 0
-320 0 0
-320 40 0
-320 80 0
-320 120 0
-320 160 0
-320 200 0
-320 240 0
-320 280 0
-320 320 0
-320 360 0
-320 400 0
-320 440 0
-320 480 0
-320 520 0
-320 560 0
-280 -600 0
-280 -560 0
-280 -520 0
-280 -480 0
-280 -440 0
-280 -400 0
-280 -360 0
-280 -320 0
-280 -280 0
-280 -240 0
-280 -200 0
-280 -160 0
-280 -120 0
-280 -80 0
-280 -40 0
-280 0 0
-280 40 0
-280 80 0
-280 120 0
-280 160 0
-280 200 0
-280 240 0
-280 280 0
-280 320 0
-280 360 0
-280 400 0
-280 440 0
-280 480 0
-280 520 0
-280 560 0
-240 -600 0
-240 -560 0
-240 -520 0
-240 -480 0
-240 -440 0
-240 -400 0
-240 -360 0
-240 -320 0
-240 -280 0
-240 -240 0
-240 -200 0
-240 -160 0
-240 -120 0
-240 -80 0
-240 -40 0
-240 0 0
-240 40 0
-240 80 0
-240 120 0
-240 160 0
-240 200 0
-240 240 0
-240 280 0
-240 320 0
-240 360 0
-240 400 0
-240 440 0
-240 480 0
-240 520 0
-240 560 0
-200 -600 0
-200 -560 0
-200 -520 0
-200 -480 0
-200 -440 0
-200 -400 0
-200 -360 0
-200 -320 0
-200 -280 0
-200 -240 0
-200 -200 0
-200 -160 0
-200 -120 0
-200 -80 0
-200 -40 0
-200 0 0
-200 40 0
-200 80 0
-200 120 0
-200 160 0
-200 200 0
-200 240 0
-200 280 0
-200 320 0
-200 360 0
-200 400 0
-200 440 0
-200 480 0
-200 520 0
-200 560 0
-160 -600 0
-160 -560 0
-160 -520 0
-160 -480 0
-160 -440 0
-160 -400 0
-160 -360 0
-160 -320 0
-160 -280 0
-160 -240 0
-160 -200 0
-160 -160 0
-160 -120 0
-160 -80 0
-160 -40 0
-160 0 0
-160 40 0
-160 80 0
-160 120 0
-160 160 0
-160 200 0
-160 240 0
-160 280 0
-160 320 0
-160 360 0
-160 400 0
-160 440 0
-160 480 0
-160 520 0
-160 560 0
-120 -600 0
-120 -560 0
-120 -520 0
-120 -480 0
-120 -440 0
-120 -400 0
-120 -360 0
-120 -320 0
-120 -280 0
-120 -240 0
-120 -200 0
-120 -160 0
-120 -120 0
-120 -80 0
-120 -40 0
-120 0 0
-120 40 0
-120 80 0
-120 120 0
-120 160 0
-120 200 0
-120 240 0
-120 280 0
-120 320 0
-120 360 0
-120 400 0
-120 440 0
-120 480 0
-120 520 0
-120 560 0
-80 -600 0
-80 -560 0
-80 -520 0
-80 -480 0
-80 -440 0
-80 -400 0
-80 -360 0
-80 -320 0
-80 -280 0
-80 -240 0
-80 -200 0
-80 -160 0
-80 -120 0
-80 -80 0
-80 -40 0
-80 0 0
-80 40 0
-80 80 0
-80 120 0
-80 160 0
-80 200 0
-80 240 0
-80 280 0
-80 320 0
-80 360 0
-80 400 0
-80 440 0
-80 480 0
-80 520 0
-80 560 0
-40 -600 0
-40 -560 0
-40 -520 0
-40 -480 0
-40 -440 0
-40 -400 0
-40 -360 0
-40 -320 0
-40 -280 0
-40 -240 0
-40 -200 0
-40 -160 0
-40 -120 0
-40 -80 0
-40 -40 0
-40 0 0
-40 40 0
-40 80 0
-40 120 0
-40 160 0
-40 200 0
-40 240 0
-40 280 0
-40 320 0
-40 360 0
-40 400 0
-40 440 0
-40 480 0
-40 520 0
-40 560 0
0 -600 0
0 -560 0
0 -520 0
0 -480 0
0 -440 0
0 -400 0
0 -360 0
0 -320 0
0 -280 0
0 -240 0
0 -200 0
0 -160 0
0 -120 0
0 -80 0
0 -40 0
0 0 0
0 40 0
0 80 0
0 120 0
0 160 0
0 200 0
0 240 0
0 280 0
0 320 0
0 360 0
0 400 0
0 440 0
0 480 0
0 520 0
0 560 0
40 -600 0
40 -560 0
40 -520 0
40 -480 0
40 -440 0
40 -400 0
40 -360 0
40 -320 0
40 -280 0
40 -240 0
40 -200 0
40 -160 0
40 -120 0
40 -80 0
40 -40 0
40 0 0
40 40 0
40 80 0
40 120 0
40 160 0
40 200 0
40 240 0
40 280 0
40 320 0
40 360 0
40 400 0
40 440 0
40 480 0
40 520 0
40 560 0
80 -600 0
80 -560 0
80 -520 0
80 -480 0
80 -440 0
80 -400 0
80 -360 0
80 -320 0
80 -280 0
80 -240 0
80 -200 0
80 -160 0
80 -120 0
80 -80 0
80 -40 0
80 0 0
80 40 0
80 80 0
80 120 0
80 160 0
80 200 0
80 240 0
80 280 0
80 320 0
80 360 0
80 400 0
80 440 0
80 480 0
80 520 0
80 560 0
120 -600 0
120 -560 0
120 -520 0
120 -480 0
120 -440 0
120 -400 0
120 -360 0
120 -320 0
120 -280 0
120 -240 0
120 -200 0
120 -160 0
120 -120 0
120 -80 0
120 -40 0
120 0 0
120 40 0
120 80 0
120 120 0
120 160 0
120 200 0
120 240 0
120 280 0
120 320 0
120 360 0
120 400 0
120 440 0
120 480 0
120 520 0
120 560 0
160 -600 0
160 -560 0
160 -520 0
160 -480 0
160 -440 0
160 -400 0
160 -360 0
160 -320 0
160 -280 0
160 -240 0
160 -200 0
160 -160 0
160 -120 0
160 -80 0
160 -40 0
160 0 0
160 40 0
160 80 0
160 120 0
160 160 0
160 200 0
160 240 0
160 280 0
160 320 0
160 360 0
160 400 0
160 440 0
160 480 0
160 520 0
160 560 0
200 -600 0
200 -560 0
200 -520 0
200 -480 0
200 -440 0
200 -400 0
200 -360 0
200 -320 0
200 -280 0
200 -240 0
200 -200 0
200 -160 0
200 -120 0
200 -80 0
200 -40 0
200 0 0
200 40 0
200 80 0
200 120 0
200 160 0
200 200 0
200 240 0
200 280 0
200 320 0
200 360 0
200 400 0
200 440 0
200 480 0
200 520 0
200 560 0
240 -600 0
240 -560 0
240 -520 0
240 -480 0
240 -440 0
240 -400 0
240 -360 0
240 -320 0
240 -280 0
240 -240 0
240 -200 0
240 -160 0
240 -120 0
240 -80 0
240 -40 0
240 0 0
240 40 0
240 80 0
240 120 0
240 160 0
240 200 0
240 240 0
240 280 0
240 320 0
240 360 0
240 400 0
240 440 0
240 480 0
240 520 0
240 560 0
280 -600 0
280 -560 0
280 -520 0
280 -480 0
280 -440 0
280 -400 0
280 -360 0
280 -320 0
280 -280 0
280 -240 0
280 -200 0
280 -160 0
280 -120 0
280 -80 0
280 -40 0
280 0 0
280 40 0
280 80 0
280 120 0
280 160 0
280 200 0
280 240 0
280 280 0
280 320 0
280 360 0
280 400 0
280 440 0
280 480 0
280 520 0
280 560 0
320 -600 0
320 -560 0
320 -520 0
320 -480 0
320 -440 0
320 -400 0
320 -360 0
320 -320 0
320 -280 0
320 -240 0
320 -200 0
320 -160 0
320 -120 0
320 -80 0
320 -40 0
320 0 0
320 40 0
320 80 0
320 120 0
320 160 0
320 200 0
320 240 0
320 280 0
320 320 0
320 360 0
320 400 0
320 440 0
320 480 0
320 520 0
320 560 0
360 -600 0
360 -560 0
360 -520 0
360 -480 0
360 -440 0
360 -400 0
360 -360 0
360 -320 0
360 -280 0
360 -240 0
360 -200 0
360 -160 0
360 -120 0
360 -80 0
360 -40 0
360 0 0
360 40 0
360 80 0
360 120 0
360 160 0
360 200 0
360 240 0
360 280 0
360 320 0
360 360 0
360 400 0
360 440 0
360 480 0
360 520 0
360 560 0
400 -600 0
400 -560 0
400 -520 0
400 -480 0
400 -440 0
400 -400 0
400 -360 0
400 -320 0
400 -280 0
400 -240 0
400 -200 0
400 -160 0
400 -120 0
400 -80 0
400 -40 0
400 0 0
400 40 0
400 80 0
400 120 0
400 160 0
400 200 0
400 240 0
400 280 0
400 320 0
400 360 0
400 400 0
400 440 0
400 480 0
400 520 0
400 560 0
440 -600 0
440 -560 0
440 -520 0
440 -480 0
440 -440 0
440 -400 0
440 -360 0
440 -320 0
440 -280 0
440 -240 0
440 -200 0
440 -160 0
440 -120 0
440 -80 0
440 -40 0
440 0 0
440 40 0
440 80 0
440 120 0
440 160 0
440 200 0
440 240 0
440 280 0
440 320 0
440 360 0
440 400 0
440 440 0
440 480 0
440 520 0
440 560 0
480 -600 0
480 -560 0
480 -520 0
480 -480 0
480 -440 0
480 -400 0
480 -360 0
480 -320 0
480 -280 0
480 -240 0
480 -200 0
480 -160 0
480 -120 0
480 -80 0
480 -40 0
480 0 0
480 40 0
480 80 0
480 120 0
480 160 0
480 200 0
480 240 0
480 280 0
480 320 0
480 360 0
480 400 0
480 440 0
480 480 0
480 520 0
480 560 0
520 -600 0
520 -560 0
520 -520 0
520 -480 0
520 -440 0
520 -400 0
520 -360 0
520 -320 0
520 -280 0
520 -240 0
520 -200 0
520 -160 0
520 -120 0
520 -80 0
520 -40 0
520 0 0
520 40 0
520 80 0
520 120 0
520 160 0
520 200 0
520 240 0
520 280 0
520 320 0
520 360 0
520 400 0
520 440 0
520 480 0
520 520 0
520 560 0
560 -600 0
560 -560 0
560 -520 0
560 -480 0
560 -440 0
560 -400 0
560 -360 0
560 -320 0
560 -280 0
560 -240 0
560 -200 0
560 -160 0
560 -120 0
560 -80 0
560 -40 0
560 0 0
560 40 0
560 80 0
560 120 0
560 160 0
560 200 0
560 240 0
560 280 0
560 320 0
560 360 0
560 400 0
560 440 0
560 480 0
560 520 0
560 560 0
